service_id,monday,tuesday,wednesday,thursday,friday,saturday,sunday,start_date,end_date
1,0,0,0,0,0,0,0,20251104,20261212
8,0,0,0,0,0,0,0,20251104,20261212
18,0,0,0,0,0,0,0,20251104,20261212
26,0,0,0,0,0,0,0,20251104,20261212
44,0,0,0,0,0,0,0,20251104,20261212
58,0,0,0,0,0,0,0,20251104,20261212
60,0,0,0,0,0,0,0,20251104,20261212
61,0,0,0,0,0,0,0,20251104,20261212
176,0,0,0,0,0,0,0,20251104,20261212
178,0,0,0,0,0,0,0,20251104,20261212
184,0,0,0,0,0,0,0,20251104,20261212
189,0,0,0,0,0,0,0,20251104,20261212
199,0,0,0,0,0,0,0,20251104,20261212
269,0,0,0,0,0,0,0,20251104,20261212
275,0,0,0,0,0,0,0,20251104,20261212
285,0,0,0,0,0,0,0,20251104,20261212
293,0,0,0,0,0,0,0,20251104,20261212
331,0,0,0,0,0,0,0,20251104,20261212
372,0,0,0,0,0,0,0,20251104,20261212
375,0,0,0,0,0,0,0,20251104,20261212
376,0,0,0,0,0,0,0,20251104,20261212
389,0,0,0,0,0,0,0,20251104,20261212
390,0,0,0,0,0,0,0,20251104,20261212
392,0,0,0,0,0,0,0,20251104,20261212
394,0,0,0,0,0,0,0,20251104,20261212
398,0,0,0,0,0,0,0,20251104,20261212
401,0,0,0,0,0,0,0,20251104,20261212
412,0,0,0,0,0,0,0,20251104,20261212
426,0,0,0,0,0,0,0,20251104,20261212
428,0,0,0,0,0,0,0,20251104,20261212
430,0,0,0,0,0,0,0,20251104,20261212
432,0,0,0,0,0,0,0,20251104,20261212
433,0,0,0,0,0,0,0,20251104,20261212
435,0,0,0,0,0,0,0,20251104,20261212
436,0,0,0,0,0,0,0,20251104,20261212
441,0,0,0,0,0,0,0,20251104,20261212
447,0,0,0,0,0,0,0,20251104,20261212
451,0,0,0,0,0,0,0,20251104,20261212
463,0,0,0,0,0,0,0,20251104,20261212
506,0,0,0,0,0,0,0,20251104,20261212
507,0,0,0,0,0,0,0,20251104,20261212
508,0,0,0,0,0,0,0,20251104,20261212
509,0,0,0,0,0,0,0,20251104,20261212
510,0,0,0,0,0,0,0,20251104,20261212
511,0,0,0,0,0,0,0,20251104,20261212
512,0,0,0,0,0,0,0,20251104,20261212
513,0,0,0,0,0,0,0,20251104,20261212
514,0,0,0,0,0,0,0,20251104,20261212
516,0,0,0,0,0,0,0,20251104,20261212
517,0,0,0,0,0,0,0,20251104,20261212
519,0,0,0,0,0,0,0,20251104,20261212
521,0,0,0,0,0,0,0,20251104,20261212
522,0,0,0,0,0,0,0,20251104,20261212
526,0,0,0,0,0,0,0,20251104,20261212
527,0,0,0,0,0,0,0,20251104,20261212
532,0,0,0,0,0,0,0,20251104,20261212
535,0,0,0,0,0,0,0,20251104,20261212
542,0,0,0,0,0,0,0,20251104,20261212
543,0,0,0,0,0,0,0,20251104,20261212
544,0,0,0,0,0,0,0,20251104,20261212
545,0,0,0,0,0,0,0,20251104,20261212
546,0,0,0,0,0,0,0,20251104,20261212
547,0,0,0,0,0,0,0,20251104,20261212
578,0,0,0,0,0,0,0,20251104,20261212
579,0,0,0,0,0,0,0,20251104,20261212
581,0,0,0,0,0,0,0,20251104,20261212
632,0,0,0,0,0,0,0,20251104,20261212
638,0,0,0,0,0,0,0,20251104,20261212
652,0,0,0,0,0,0,0,20251104,20261212
658,0,0,0,0,0,0,0,20251104,20261212
662,0,0,0,0,0,0,0,20251104,20261212
664,0,0,0,0,0,0,0,20251104,20261212
665,0,0,0,0,0,0,0,20251104,20261212
669,0,0,0,0,0,0,0,20251104,20261212
674,0,0,0,0,0,0,0,20251104,20261212
675,0,0,0,0,0,0,0,20251104,20261212
722,0,0,0,0,0,0,0,20251104,20261212
863,0,0,0,0,0,0,0,20251104,20261212
889,0,0,0,0,0,0,0,20251104,20261212
891,0,0,0,0,0,0,0,20251104,20261212
893,0,0,0,0,0,0,0,20251104,20261212
895,0,0,0,0,0,0,0,20251104,20261212
905,0,0,0,0,0,0,0,20251104,20261212
907,0,0,0,0,0,0,0,20251104,20261212
914,0,0,0,0,0,0,0,20251104,20261212
915,0,0,0,0,0,0,0,20251104,20261212
928,0,0,0,0,0,0,0,20251104,20261212
933,0,0,0,0,0,0,0,20251104,20261212
936,0,0,0,0,0,0,0,20251104,20261212
940,0,0,0,0,0,0,0,20251104,20261212
942,0,0,0,0,0,0,0,20251104,20261212
944,0,0,0,0,0,0,0,20251104,20261212
951,0,0,0,0,0,0,0,20251104,20261212
953,0,0,0,0,0,0,0,20251104,20261212
963,0,0,0,0,0,0,0,20251104,20261212
964,0,0,0,0,0,0,0,20251104,20261212
965,0,0,0,0,0,0,0,20251104,20261212
967,0,0,0,0,0,0,0,20251104,20261212
968,0,0,0,0,0,0,0,20251104,20261212
969,0,0,0,0,0,0,0,20251104,20261212
971,0,0,0,0,0,0,0,20251104,20261212
979,0,0,0,0,0,0,0,20251104,20261212
981,0,0,0,0,0,0,0,20251104,20261212
983,0,0,0,0,0,0,0,20251104,20261212
1119,0,0,0,0,0,0,0,20251104,20261212
1147,0,0,0,0,0,0,0,20251104,20261212
1166,0,0,0,0,0,0,0,20251104,20261212
1179,0,0,0,0,0,0,0,20251104,20261212
1182,0,0,0,0,0,0,0,20251104,20261212
1184,0,0,0,0,0,0,0,20251104,20261212
1185,0,0,0,0,0,0,0,20251104,20261212
1188,0,0,0,0,0,0,0,20251104,20261212
1191,0,0,0,0,0,0,0,20251104,20261212
1192,0,0,0,0,0,0,0,20251104,20261212
1193,0,0,0,0,0,0,0,20251104,20261212
1198,0,0,0,0,0,0,0,20251104,20261212
1200,0,0,0,0,0,0,0,20251104,20261212
1202,0,0,0,0,0,0,0,20251104,20261212
1203,0,0,0,0,0,0,0,20251104,20261212
1232,0,0,0,0,0,0,0,20251104,20261212
1235,0,0,0,0,0,0,0,20251104,20261212
1254,0,0,0,0,0,0,0,20251104,20261212
1255,0,0,0,0,0,0,0,20251104,20261212
1259,0,0,0,0,0,0,0,20251104,20261212
1261,0,0,0,0,0,0,0,20251104,20261212
1269,0,0,0,0,0,0,0,20251104,20261212
1270,0,0,0,0,0,0,0,20251104,20261212
1271,0,0,0,0,0,0,0,20251104,20261212
1272,0,0,0,0,0,0,0,20251104,20261212
1280,0,0,0,0,0,0,0,20251104,20261212
1281,0,0,0,0,0,0,0,20251104,20261212
1284,0,0,0,0,0,0,0,20251104,20261212
1285,0,0,0,0,0,0,0,20251104,20261212
1287,0,0,0,0,0,0,0,20251104,20261212
1290,0,0,0,0,0,0,0,20251104,20261212
1291,0,0,0,0,0,0,0,20251104,20261212
1293,0,0,0,0,0,0,0,20251104,20261212
1297,0,0,0,0,0,0,0,20251104,20261212
1303,0,0,0,0,0,0,0,20251104,20261212
1304,0,0,0,0,0,0,0,20251104,20261212
1310,0,0,0,0,0,0,0,20251104,20261212
1312,0,0,0,0,0,0,0,20251104,20261212
1313,0,0,0,0,0,0,0,20251104,20261212
1315,0,0,0,0,0,0,0,20251104,20261212
1317,0,0,0,0,0,0,0,20251104,20261212
1319,0,0,0,0,0,0,0,20251104,20261212
1321,0,0,0,0,0,0,0,20251104,20261212
1322,0,0,0,0,0,0,0,20251104,20261212
1323,0,0,0,0,0,0,0,20251104,20261212
1325,0,0,0,0,0,0,0,20251104,20261212
1328,0,0,0,0,0,0,0,20251104,20261212
1330,0,0,0,0,0,0,0,20251104,20261212
1332,0,0,0,0,0,0,0,20251104,20261212
1335,0,0,0,0,0,0,0,20251104,20261212
1336,0,0,0,0,0,0,0,20251104,20261212
1338,0,0,0,0,0,0,0,20251104,20261212
1339,0,0,0,0,0,0,0,20251104,20261212
1340,0,0,0,0,0,0,0,20251104,20261212
1342,0,0,0,0,0,0,0,20251104,20261212
1343,0,0,0,0,0,0,0,20251104,20261212
1344,0,0,0,0,0,0,0,20251104,20261212
1345,0,0,0,0,0,0,0,20251104,20261212
1346,0,0,0,0,0,0,0,20251104,20261212
1347,0,0,0,0,0,0,0,20251104,20261212
1350,0,0,0,0,0,0,0,20251104,20261212
1354,0,0,0,0,0,0,0,20251104,20261212
1357,0,0,0,0,0,0,0,20251104,20261212
1360,0,0,0,0,0,0,0,20251104,20261212
1361,0,0,0,0,0,0,0,20251104,20261212
1363,0,0,0,0,0,0,0,20251104,20261212
1364,0,0,0,0,0,0,0,20251104,20261212
1366,0,0,0,0,0,0,0,20251104,20261212
1367,0,0,0,0,0,0,0,20251104,20261212
1369,0,0,0,0,0,0,0,20251104,20261212
1378,0,0,0,0,0,0,0,20251104,20261212
1381,0,0,0,0,0,0,0,20251104,20261212
1383,0,0,0,0,0,0,0,20251104,20261212
1386,0,0,0,0,0,0,0,20251104,20261212
1388,0,0,0,0,0,0,0,20251104,20261212
1389,0,0,0,0,0,0,0,20251104,20261212
1391,0,0,0,0,0,0,0,20251104,20261212
1438,0,0,0,0,0,0,0,20251104,20261212
1439,0,0,0,0,0,0,0,20251104,20261212
1442,0,0,0,0,0,0,0,20251104,20261212
1443,0,0,0,0,0,0,0,20251104,20261212
1446,0,0,0,0,0,0,0,20251104,20261212
1462,0,0,0,0,0,1,1,20251104,20261212
1472,0,0,0,0,0,0,0,20251104,20261212
1475,0,0,0,0,0,0,0,20251104,20261212
1477,0,0,0,0,0,0,0,20251104,20261212
1479,0,0,0,0,0,0,0,20251104,20261212
1481,0,0,0,0,0,0,0,20251104,20261212
1483,0,0,0,0,0,0,0,20251104,20261212
1484,0,0,0,0,0,0,0,20251104,20261212
1486,0,0,0,0,0,0,0,20251104,20261212
1491,0,0,0,0,0,0,0,20251104,20261212
1492,0,0,0,0,0,0,0,20251104,20261212
1493,0,0,0,0,0,0,0,20251104,20261212
1521,0,0,0,0,0,0,0,20251104,20261212
1522,0,0,0,0,0,0,0,20251104,20261212
1579,0,0,0,0,0,0,0,20251104,20261212
1580,0,0,0,0,0,0,0,20251104,20261212
1606,0,0,0,0,0,1,0,20251104,20261212
1616,0,0,0,0,0,1,1,20251104,20261212
1670,0,0,0,0,0,0,0,20251104,20261212
1671,0,0,0,0,0,0,0,20251104,20261212
1673,0,0,0,0,0,0,0,20251104,20261212
1676,0,0,0,0,0,0,0,20251104,20261212
1677,0,0,0,0,0,0,0,20251104,20261212
1679,0,0,0,0,0,0,0,20251104,20261212
1688,0,0,0,0,0,0,0,20251104,20261212
1696,0,0,0,0,0,0,0,20251104,20261212
1702,0,0,0,0,0,0,0,20251104,20261212
1716,0,0,0,0,0,0,0,20251104,20261212
1717,0,0,0,0,0,0,0,20251104,20261212
1718,0,0,0,0,0,0,0,20251104,20261212
1720,0,0,0,0,0,0,0,20251104,20261212
1721,0,0,0,0,0,0,0,20251104,20261212
1722,0,0,0,0,0,0,0,20251104,20261212
1723,0,0,0,0,0,0,0,20251104,20261212
1724,0,0,0,0,0,0,0,20251104,20261212
1726,0,0,0,0,0,0,0,20251104,20261212
1727,0,0,0,0,0,0,0,20251104,20261212
1728,0,0,0,0,0,0,0,20251104,20261212
1730,0,0,0,0,0,0,0,20251104,20261212
1737,0,0,0,0,0,0,0,20251104,20261212
1740,0,0,0,0,0,0,0,20251104,20261212
1741,0,0,0,0,0,0,0,20251104,20261212
1745,0,0,0,0,0,0,0,20251104,20261212
1746,0,0,0,0,0,0,0,20251104,20261212
1786,0,0,0,0,1,1,1,20251104,20261212
1791,0,0,0,0,0,0,0,20251104,20261212
1803,0,0,0,0,0,0,0,20251104,20261212
1806,0,0,0,0,0,0,0,20251104,20261212
1810,0,0,0,0,0,0,0,20251104,20261212
1814,0,0,0,0,0,0,0,20251104,20261212
1816,0,0,0,0,0,0,0,20251104,20261212
1818,0,0,0,0,0,0,0,20251104,20261212
1820,0,0,0,0,0,0,0,20251104,20261212
1822,0,0,0,0,0,0,0,20251104,20261212
1824,0,0,0,0,0,0,0,20251104,20261212
1829,0,0,0,0,0,0,0,20251104,20261212
1844,0,0,0,0,0,0,0,20251104,20261212
1849,0,0,0,0,0,0,0,20251104,20261212
1850,0,0,0,0,0,0,0,20251104,20261212
1854,0,0,0,0,0,0,0,20251104,20261212
1870,0,0,0,0,0,0,0,20251104,20261212
1880,0,0,0,0,1,1,1,20251104,20261212
1885,0,0,0,0,0,0,0,20251104,20261212
1888,0,0,0,0,0,0,0,20251104,20261212
1889,0,0,0,0,0,0,0,20251104,20261212
1890,0,0,0,0,0,0,0,20251104,20261212
1935,0,0,0,0,0,0,0,20251104,20261212
1941,0,0,0,0,0,0,0,20251104,20261212
1943,0,0,0,0,0,0,0,20251104,20261212
1976,0,0,0,0,0,0,0,20251104,20261212
1981,0,0,0,0,0,0,0,20251104,20261212
1996,0,0,0,0,0,0,0,20251104,20261212
2000,0,0,0,0,0,0,0,20251104,20261212
2011,0,0,0,0,0,0,0,20251104,20261212
2012,0,0,0,0,0,0,0,20251104,20261212
2019,0,0,0,0,0,0,0,20251104,20261212
2020,0,0,0,0,0,0,0,20251104,20261212
2023,0,0,0,0,0,0,0,20251104,20261212
2025,0,0,0,0,0,0,0,20251104,20261212
2026,0,0,0,0,0,0,0,20251104,20261212
2059,0,0,0,0,0,0,0,20251104,20261212
2061,0,0,0,0,0,0,0,20251104,20261212
2063,0,0,0,0,0,0,0,20251104,20261212
2065,0,0,0,0,0,0,0,20251104,20261212
2068,0,0,0,0,0,0,0,20251104,20261212
2069,0,0,0,0,0,0,0,20251104,20261212
2079,0,0,0,0,0,0,0,20251104,20261212
2116,0,0,0,0,0,0,0,20251104,20261212
2120,0,0,0,0,0,0,0,20251104,20261212
2126,0,0,0,0,0,0,0,20251104,20261212
2127,0,0,0,0,0,0,0,20251104,20261212
2131,0,0,0,0,0,0,0,20251104,20261212
2136,0,0,0,0,0,0,0,20251104,20261212
2146,0,0,0,0,0,0,0,20251104,20261212
2152,0,0,0,0,0,0,0,20251104,20261212
2258,0,0,0,0,0,0,0,20251104,20261212
2266,0,0,0,0,0,0,0,20251104,20261212
2274,0,0,0,0,0,0,0,20251104,20261212
2278,0,0,0,0,0,0,0,20251104,20261212
